0.0 1.0 0.0
0.01 0.9999501666666667 -0.009950000416666667
0.02 0.9998013333084028 -0.019800006641666805
0.03 0.9995544998009583 -0.02955003355000374
0.04 0.9992106658222498 -0.03920010581669736
0.05 0.9987708307548602 -0.04875025781681714
0.060000000000000005 0.9982359935895376 -0.058200533525544704
0.07 0.9976071528296944 -0.06755098641827552
0.08 0.9968853063969036 -0.07680167937076936
0.09 0.996071451537395 -0.08595268455935894
0.09999999999999999 0.9951665847295474 -0.09500408336122601
0.10999999999999999 0.9941717015923792 -0.10395596625475435
0.11999999999999998 0.9930877967950335 -0.11280843271996858
0.12999999999999998 0.9919158639672593 -0.121561591139068
0.13999999999999999 0.9906568956108872 -0.13021555869706436
0.15 0.989311883012297 -0.1387704612825324
0.16 0.987881816155878 -0.1472264333884819
0.17 0.9863676836384798 -0.15558361801336004
0.18000000000000002 0.9847704725848524 -0.16384216656219236
0.19000000000000003 0.9830911685640739 -0.17200223874787093
0.20000000000000004 0.9813307555069648 -0.18006400249259827
0.21000000000000005 0.9794902156244873 -0.1880276338294948
0.22000000000000006 0.9775705293271271 -0.19589331680437855
0.23000000000000007 0.9755726751452565 -0.20366124337772465
0.24000000000000007 0.9734976296504778 -0.21133161332681302
0.25000000000000006 0.9713463673779436 -0.21890463414807187
0.26000000000000006 0.9691198607496523 -0.22638052095962477
0.2700000000000001 0.9668190799987181 -0.2337594964040491
0.2800000000000001 0.9644449930946114 -0.2410417905513534
0.2900000000000001 0.9619985656693688 -0.24822764080218102
0.3000000000000001 0.9594807609447698 -0.25531729179124746
0.3100000000000001 0.9568925396604776 -0.26231099529101887
0.3200000000000001 0.9542348600031426 -0.26920901011563864
0.3300000000000001 0.9515086775364647 -0.2760116020251093
0.34000000000000014 0.9487149451322128 -0.2827190436297368
0.35000000000000014 0.9458546129021982 -0.2893316142948439
0.36000000000000015 0.9429286281312 -0.2958496000457593
0.37000000000000016 0.9399379352108389 -0.30227329347309007
0.38000000000000017 0.9368834755743964 -0.30860299363828286
0.3900000000000002 0.9337661876325781 -0.3148390059794811
0.4000000000000002 0.9305870067102157 -0.32098164221768444
0.4100000000000002 0.9273468649839063 -0.32703122026321685
0.4200000000000002 0.9240466914205859 -0.3329880641225094
0.4300000000000002 0.9206874117170328 -0.33885250380520426
0.4400000000000002 0.9172699482402986 -0.3446248752315852
0.45000000000000023 0.9137952199690633 -0.3503055201403416
0.46000000000000024 0.9102641424359111 -0.3558947859966711
0.47000000000000025 0.9066776276705234 -0.36139302590072664
0.48000000000000026 0.9030365841437852 -0.366800598496414
0.49000000000000027 0.8993419167128025 -0.37211786788054524
0.5000000000000002 0.8955945265668258 -0.3773452035123535
0.5100000000000002 0.8917953111740768 -0.38248298012337434
0.5200000000000002 0.8879451642294746 -0.38753157762769946
0.5300000000000002 0.8840449756032567 -0.39249138103260767
0.5400000000000003 0.8800956312904933 -0.39736278034957817
0.5500000000000003 0.8760980133614878 -0.40214617050569157
0.5600000000000003 0.8720529999130628 -0.40684195125542316
0.5700000000000003 0.8679614650207249 -0.4114505270928337
0.5800000000000003 0.8638242786917066 -0.41597230716416234
0.5900000000000003 0.85964230681888 -0.42040770518082604
0.6000000000000003 0.8554164111355378 -0.42475713933283094
0.6100000000000003 0.851147449171039 -0.42902103220259913
0.6200000000000003 0.846836274207314 -0.43319981067921637
0.6300000000000003 0.8424837352362246 -0.43729390587310396
0.6400000000000003 0.8380906769177754 -0.44130375303112007
0.6500000000000004 0.8336579395391728 -0.4452297914520941
0.6600000000000004 0.829186358974725 -0.44907246440279824
0.6700000000000004 0.8246767666465814 -0.4528322190343603
0.6800000000000004 0.8201299894863049 -0.4565095062991219
0.6900000000000004 0.8155468498972736 -0.46010478086794565
0.7000000000000004 0.8109281657179073 -0.4636185010479751
0.7100000000000004 0.8062747501857139 -0.467051128700851
0.7200000000000004 0.8015874119021515 -0.4704031291613883
0.7300000000000004 0.7968669547983013 -0.4736749711567158
0.7400000000000004 0.7921141781013465 -0.4768671267258836
0.7500000000000004 0.787329876301854 -0.47998007113994057
0.7600000000000005 0.7825148391218508 -0.48301428282248554
0.7700000000000005 0.7776698514836949 -0.4859702432706955
0.7800000000000005 0.7727956934797316 -0.48884843697683333
0.7900000000000005 0.7678931403427336 -0.4916493513502392
0.8000000000000005 0.7629629624171177 -0.49437347663980713
0.8100000000000005 0.7580059251309356 -0.4970213058569511
0.8200000000000005 0.753022788968631 -0.4995933346990623
0.8300000000000005 0.7480143094445612 -0.5020900614734609
0.8400000000000005 0.7429812370772754 -0.5045119870218451
0.8500000000000005 0.737924317364547 -0.5068596146452389
0.8600000000000005 0.7328442907591534 -0.5091334500294431
0.8700000000000006 0.7277418926453987 -0.5113340011709901
0.8800000000000006 0.7226178533163746 -0.5134617783036054
0.8900000000000006 0.7174728979519545 -0.5155172938251786
0.9000000000000006 0.7123077465975138 -0.517501062225246
0.9100000000000006 0.707123114143375 -0.5194136000129852
0.9200000000000006 0.7019197103049687 -0.5212554256457276
0.9300000000000006 0.696698239603707 -0.5230270594579858
0.9400000000000006 0.6914594013485652 -0.5247290235910024
0.9500000000000006 0.6862038896183638 -0.5263618419228189
0.9600000000000006 0.6809323932447483 -0.5279260399988679
0.9700000000000006 0.6756455957958604 -0.5294221449630905
0.9800000000000006 0.6703441755606946 -0.530850685489579
0.9900000000000007 0.6650288055341367 -0.5322121917147487
1.0000000000000007 0.6597001534026774 -0.5335071951700381
1.0100000000000007 0.6543588815307962 -0.5347362287151406
1.0200000000000007 0.6490056469480109 -0.5358998264717681
1.0300000000000007 0.6436411013365856 -0.5369985237579483
1.0400000000000007 0.6382658910198947 -0.5380328570228562
1.0500000000000007 0.6328806569514345 -0.5390033637821822
1.0600000000000007 0.627486034704479 -0.5399105825540366
1.0700000000000007 0.6220826544623741 -0.5407550527953926
1.0800000000000007 0.6166711410094646 -0.541537314839068
1.0900000000000007 0.6112521137226484 -0.5422579098312463
1.1000000000000008 0.6058261865635529 -0.5429173796695401
1.1100000000000008 0.6003939680713284 -0.543516266941594
1.1200000000000008 0.5949560613560522 -0.5440551148642314
1.1300000000000008 0.5895130640927392 -0.544534467223143
1.1400000000000008 0.5840655685159523 -0.54495486831312
1.1500000000000008 0.5786141614150078 -0.5453168628788301
1.1600000000000008 0.5731594241297708 -0.5456209960561388
1.1700000000000008 0.5677019325470344 -0.5458678133139756
1.1800000000000008 0.5622422570974768 -0.5460578603967453
1.1900000000000008 0.556780962753193 -0.5461916832672846
1.2000000000000008 0.5513186090257931 -0.5462698280503655
1.2100000000000009 0.5458557499650631 -0.5462928409767435
1.2200000000000009 0.5403929341581826 -0.5462612683277531
1.2300000000000009 0.5349307047294937 -0.5461756563804491
1.2400000000000009 0.5294695993408159 -0.5460365513532937
1.2500000000000009 0.5240101501923016 -0.5458444993523909
1.260000000000001 0.5185528840238255 -0.545600046318266
1.270000000000001 0.5130983221169049 -0.5453037379731918
1.280000000000001 0.507646980297143 -0.5449561197690604
1.290000000000001 0.502199368937191 -0.5445577368358009
1.300000000000001 0.49675599296022366 -0.5441091339303414
1.310000000000001 0.4913173518439221 -0.5436108553861174
1.320000000000001 0.48588393962495885 -0.5430634450631235
1.330000000000001 0.4804562449039797 -0.5424674462985101
1.340000000000001 0.47503475085107705 -0.5418234018577226
1.350000000000001 0.4696199352117489 -0.5411318538861853
1.360000000000001 0.46421227031333834 -0.540393343861526
1.370000000000001 0.4588122230719483 -0.5396084125463437
1.380000000000001 0.4534202549998256 -0.5387775999415165
1.390000000000001 0.44803682221320934 -0.5379014452400507
1.400000000000001 0.4426623754406383 -0.5369804867814689
1.410000000000001 0.4372973600317114 -0.5360152620067372
1.420000000000001 0.4319422159662964 -0.5350063074137299
1.430000000000001 0.4265973778641815 -0.5339541585132318
1.440000000000001 0.4212632749951637 -0.5328593497854759
1.450000000000001 0.41594033128956953 -0.5317224146372163
1.460000000000001 0.4106289653492023 -0.5305438853593352
1.470000000000001 0.40532959045871036 -0.5293242930849827
1.480000000000001 0.4000426145973718 -0.5280641677482482
1.490000000000001 0.3947684404512892 -0.5267640380433618
1.500000000000001 0.3895074654259903 -0.5254244313844267
1.5100000000000011 0.384260081659428 -0.5240458738656776
1.5200000000000011 0.37902667603537604 -0.522628890222267
1.5300000000000011 0.37380763019721336 -0.5211740037915771
1.5400000000000011 0.36860332056209316 -0.5196817364750549
1.5500000000000012 0.363414118335491 -0.5181526087005706
1.5600000000000012 0.3582403895261263 -0.5165871393852968
1.5700000000000012 0.3530824949612532 -0.5149858458991075
1.5800000000000012 0.34794079030231406 -0.5133492440284955
1.5900000000000012 0.3428156260609516 -0.5116778479410057
1.6000000000000012 0.33770734761537413 -0.5099721701501841
1.6100000000000012 0.33261629522706854 -0.5082327214810399
1.6200000000000012 0.3275428040578564 -0.5064600110360189
1.6300000000000012 0.3224872041872875 -0.5046545461614874
1.6400000000000012 0.317449820630366 -0.502816832414724
1.6500000000000012 0.3124309733556044 -0.500947373531418
1.6600000000000013 0.3074309773033998 -0.49904667139367254
1.6700000000000013 0.3024501424047277 -0.49711522599851
1.6800000000000013 0.29748877360014797 -0.4951535354268791
1.6900000000000013 0.2925471708591188 -0.49316209581316073
1.7000000000000013 0.2876256291996125 -0.4911414013151704
1.7100000000000013 0.28272443870802916 -0.48909194408465684
1.7200000000000013 0.2778438845594029 -0.4870142142382927
1.7300000000000013 0.2729842470378954 -0.48490869982915724
1.7400000000000013 0.2681458015575726 -0.48277588681870753
1.7500000000000013 0.2633288186834589 -0.4806162590492369
1.7600000000000013 0.2585335641528645 -0.4784302982168183
1.7700000000000014 0.25376029889698093 -0.47621848384473053
1.7800000000000014 0.24900927906273979 -0.4739812932573646
1.7900000000000014 0.24428075603493019 -0.47171920155460906
1.8000000000000014 0.23957497645856976 -0.4694326815867114
1.8100000000000014 0.23489218226152483 -0.4671222039296133
1.8200000000000014 0.2302326106773749 -0.4647882368607575
1.8300000000000014 0.22559649426851652 -0.4624312463353644
1.8400000000000014 0.22098406094950224 -0.46005169596317574
1.8500000000000014 0.2163955340106098 -0.4576500469856627
1.8600000000000014 0.21183113214163674 -0.45522675825369674
1.8700000000000014 0.20729106945591624 -0.45278228620568056
1.8800000000000014 0.2027755555145492 -0.4503170848461365
1.8900000000000015 0.19828479535084823 -0.44783160572475006
1.9000000000000015 0.1938189894949888 -0.44532629791586664
1.9100000000000015 0.18937833399886347 -0.44280160799843804
1.9200000000000015 0.18496302046113408 -0.4402579800364173
1.9300000000000015 0.18057323605247794 -0.4376958555595985
1.9400000000000015 0.17620916354102337 -0.4351156735448995
1.9500000000000015 0.1718709813179703 -0.43251787039808487
1.9600000000000015 0.1675588634233912 -0.4299028799359267
1.9700000000000015 0.1632729795722086 -0.4272711333688001
1.9800000000000015 0.15901349518034405 -0.4246230592837119
1.9900000000000015 0.15478057139103502 -0.42195908362775847
2.0000000000000013 0.1505743651013149 -0.4192796296920112
2.010000000000001 0.14639502898865198 -0.41658511809582693
2.020000000000001 0.14224271153774343 -0.41387596677157956
2.0300000000000007 0.1381175570674596 -0.4111525909498116
2.0400000000000005 0.13401970575793487 -0.40841540314480196
2.0500000000000003 0.12994929367780073 -0.4056648131405477
2.06 0.125906452811557 -0.40290122797715705
2.07 0.12189131108707699 -0.40012505193765063
2.0799999999999996 0.11790399240324276 -0.39733668653516846
2.0899999999999994 0.11394461665770611 -0.39453653050057985
2.099999999999999 0.11001329977477167 -0.39172497977049336
2.109999999999999 0.10611015373339774 -0.38890242747566417
2.1199999999999988 0.10223528659531116 -0.38606926392979596
2.1299999999999986 0.09838880253323216 -0.38322587661873453
2.1399999999999983 0.0945708018592054 -0.3803726501900502
2.149999999999998 0.09078138105303314 -0.3775099664430064
2.159999999999998 0.08702063279080693 -0.3746382043189115
2.1699999999999977 0.08328864597353378 -0.37175773989185096
2.1799999999999975 0.07958550575585312 -0.36886894635979695
2.1899999999999973 0.07591129357484092 -0.36597219403609266
2.199999999999997 0.0722660871788969 -0.36306785034130834
2.209999999999997 0.06864996065671153 -0.36015627979546627
2.2199999999999966 0.0650629844663088 -0.3572378440106316
2.2299999999999964 0.061505225464161345 -0.3543129016838662
2.239999999999996 0.057976746934374206 -0.351381808590543
2.249999999999996 0.05447760861793365 -0.34844491757801727
2.259999999999996 0.05100786674201754 -0.3455025785596521
2.2699999999999956 0.04756757404936361 -0.3425551385091956
2.2799999999999954 0.044156779827692345 -0.3396029414555064
2.289999999999995 0.04077552993918075 -0.33664632847762455
2.299999999999995 0.03742386684998378 -0.33368563770018506
2.3099999999999947 0.034101829659799895 -0.33072120428917107
2.3199999999999945 0.03080945413147743 -0.3277533604480037
2.3299999999999943 0.02754677272065834 -0.3247824354139653
2.339999999999994 0.024313814605456126 -0.3218087554549539
2.349999999999994 0.021110605716164514 -0.318832643866565
2.3599999999999937 0.017937168764993735 -0.31585442096949834
2.3699999999999934 0.014793523275831095 -0.31287440410728634
2.3799999999999932 0.011679685614022682 -0.30989290764434163
2.389999999999993 0.008595669016173006 -0.3069102429643202
2.399999999999993 0.0055414836199594465 -0.3039267184687973
2.4099999999999926 0.002517136493958386 -0.30094263957625383
2.4199999999999924 -0.00047736833252005504 -0.2979583087213688
2.429999999999992 -0.003442029839591733 -0.2949740253546165
2.439999999999992 -0.006376849986955671 -0.2919900859421639
2.4499999999999917 -0.009281833684051721 -0.2890067839660668
2.4599999999999915 -0.012156988760221657 -0.28602440992476025
2.4699999999999913 -0.015002325934876642 -0.2830432513338412
2.479999999999991 -0.01781785878767396 -0.2800635927271403
2.489999999999991 -0.020603603728705917 -0.27708571565807977
2.4999999999999907 -0.023359579968703713 -0.27410989870131375
2.5099999999999905 -0.026085809489259135 -0.2711364174546495
2.5199999999999902 -0.028782317013066855 -0.2681655445412452
2.52999999999999 -0.03144912997419007 -0.26519754961208186
2.53999999999999 -0.03408627848835222 -0.2622326993487067
2.5499999999999896 -0.03669379532325747 -0.2592712574662442
2.5599999999999894 -0.03927171586894268 -0.2563134847166728
2.569999999999989 -0.04182007810816339 -0.25335963889236374
2.579999999999989 -0.044338922586816536 -0.2504099748298788
2.5899999999999888 -0.046828292384402406 -0.24746474441402497
2.5999999999999885 -0.04928823308452844 -0.24452419658216187
2.6099999999999883 -0.05171879274545732 -0.2415885773287601
2.619999999999988 -0.05412002187070191 -0.2386581297102067
2.629999999999988 -0.05649197337966946 -0.2357330938498552
2.6399999999999877 -0.05883470257835756 -0.23281370694331746
2.6499999999999875 -0.06114826713010412 -0.22990020326399394
2.6599999999999873 -0.06343272702639396 -0.22699281416883982
2.669999999999987 -0.0656881445577241 -0.22409176810436385
2.679999999999987 -0.0679145842845303 -0.22119729061285723
2.6899999999999866 -0.07011211300817692 -0.2183096043388494
2.6999999999999864 -0.07228079974201257 -0.2154289290357879
2.709999999999986 -0.07442071568249357 -0.21255548157293944
2.719999999999986 -0.0765319341803776 -0.20968947594250942
2.7299999999999858 -0.07861453071198952 -0.20683112326697664
2.7399999999999856 -0.08066858285056176 -0.20398063180664078
2.7499999999999853 -0.08269417023765105 -0.2011382069673794
2.759999999999985 -0.08469137455463388 -0.198304051308612
2.769999999999985 -0.08666027949428262 -0.19547836455146775
2.7799999999999847 -0.08860097073242425 -0.19266134358715462
2.7899999999999845 -0.09051353589968383 -0.18985318248552674
2.7999999999999843 -0.09239806455331465 -0.18705407250384723
2.809999999999984 -0.09425464814911688 -0.18426420209574362
2.819999999999984 -0.09608338001344685 -0.1814837569203533
2.8299999999999836 -0.0978843553153186 -0.1787129198516558
2.8399999999999834 -0.09965767103859974 -0.1759518709879896
2.849999999999983 -0.10140342595430342 -0.17320078766175015
2.859999999999983 -0.10312172059297811 -0.17045984444926685
2.869999999999983 -0.10481265721719703 -0.1677292131808558
2.8799999999999826 -0.10647633979414906 -0.16500906295104587
2.8899999999999824 -0.10811287396833266 -0.1622995601289752
2.899999999999982 -0.10972236703435469 -0.15960086836895537
2.909999999999982 -0.11130492790983561 -0.1569131486212007
2.9199999999999817 -0.11286066710842287 -0.15423655914271975
2.9299999999999815 -0.11438969671291392 -0.15157125550836642
2.9399999999999813 -0.11589213034849066 -0.14891739062204812
2.949999999999981 -0.11736808315606659 -0.14627511472808796
2.959999999999981 -0.11881767176574842 -0.14364457542273867
2.9699999999999807 -0.12024101427041359 -0.14102591766584538
2.9799999999999804 -0.12163823019940508 -0.1384192837926547
2.9899999999999802 -0.12300944049234509 -0.1358248135257674
2.99999999999998 -0.12435476747306895 -0.1332426439872322
3.00999999999998 -0.1256743348236806 -0.1306729097107779
3.0199999999999796 -0.12696826755873117 -0.12811574265418144
3.0299999999999794 -0.1282366919995218 -0.12557127221176903
3.039999999999979 -0.1294797357485323 -0.12303962522704814
3.049999999999979 -0.13069752766397646 -0.12052092600546757
3.0599999999999787 -0.131890197834486 -0.11801529632730298
3.0699999999999785 -0.13305787755392362 -0.11552285546066558
3.0799999999999783 -0.134200699296327 -0.11304372017463132
3.089999999999978 -0.13531879669098454 -0.11057800475248808
3.099999999999978 -0.1364123044976442 -0.10812582100509836
3.1099999999999777 -0.13748135858185653 -0.1056872782843751
3.1199999999999775 -0.13852609589045312 -0.103262483496868
3.1299999999999772 -0.1395466544271611 -0.10085154111745798
3.139999999999977 -0.14054317322835566 -0.09845455320315742
3.149999999999977 -0.1415157923389506 -0.09607161940701352
3.1599999999999766 -0.14246465278842865 -0.09370283699211264
3.1699999999999764 -0.1433898965670124 -0.09134830084568303
3.179999999999976 -0.14429166660197648 -0.08900810349329365
3.189999999999976 -0.14517010673410247 -0.08668233511314673
3.1999999999999758 -0.146025361694277 -0.0843710835504616
3.2099999999999755 -0.14685757708023428 -0.08207443433194768
3.2199999999999753 -0.14766689933344368 -0.07979247068036392
3.229999999999975 -0.14845347571614337 -0.0775252735291629
3.239999999999975 -0.14921745428852087 -0.07527292153721675
3.2499999999999747 -0.14995898388604118 -0.07303549110362306
3.2599999999999745 -0.15067821409692336 -0.07081305638258821
3.2699999999999743 -0.1513752952397664 -0.06860568929838598
3.279999999999974 -0.15205037834132493 -0.06641345956038926
3.289999999999974 -0.15270361511443573 -0.06423643467817251
3.2999999999999736 -0.15333515793609553 -0.06207467997668291
3.3099999999999734 -0.15394515982569082 -0.059928258611477825
3.319999999999973 -0.15453377442338048 -0.0577972315840266
3.329999999999973 -0.15510115596863164 -0.05568165775707438
3.3399999999999728 -0.15564745927890944 -0.05358159387006587
3.3499999999999726 -0.15617283972852153 -0.051497094554626935
3.3599999999999723 -0.1566774532276174 -0.04942821235010183
3.369999999999972 -0.15716145620134347 -0.04737499771914405
3.379999999999972 -0.1576250055691545 -0.045337499063358676
3.3899999999999717 -0.15806825872428137 -0.04331576273899414
3.3999999999999715 -0.15849137351335618 -0.04130983307268138
3.4099999999999713 -0.15889450821619505 -0.039319752377218346
3.419999999999971 -0.15927782152573883 -0.03734556096739781
3.429999999999971 -0.1596414725281524 -0.03538729717587648
3.4399999999999706 -0.15998562068308275 -0.03344499736908347
3.4499999999999704 -0.1603104258040765 -0.0315186959631661
3.45999999999997 -0.16061604803915688 -0.029608425439971074
3.46999999999997 -0.16090264785156083 -0.027714216363059128
3.47999999999997 -0.16117038600063627 -0.025836097393751208
3.4899999999999696 -0.1614194235229001 -0.023974095307204228
3.4999999999999694 -0.1616499217132571 -0.02212823500851458
3.509999999999969 -0.16186204210637986 -0.020298539548847465
3.519999999999969 -0.1620559464582503 -0.018485030141590194
3.5299999999999687 -0.16223179672786273 -0.01668772617852765
3.5399999999999685 -0.1623897550590887 -0.014906645246038035
3.5499999999999683 -0.1625299837627041 -0.013141803141307097
3.559999999999968 -0.16265264529857837 -0.011393213888559066
3.569999999999968 -0.162757902258026 -0.009660889755302493
3.5799999999999677 -0.16284591734632078 -0.007944841268589239
3.5899999999999674 -0.1629168533653725 -0.00624507723128485
3.5999999999999672 -0.16297087319656653 -0.004561604738348612
3.609999999999967 -0.16300813978376613 -0.002894429193121546
3.619999999999967 -0.16302881611647782 -0.0012435543236206526
3.6299999999999666 -0.16303306521317953 0.0003910178011622752
3.6399999999999664 -0.1630210501048119 0.002009286754958942
3.649999999999966 -0.16299293381843263 0.003611253737921592
3.659999999999966 -0.16294887936103367 0.005196921560320437
3.6699999999999657 -0.1628890497035216 0.006766294626243093
3.6799999999999655 -0.16281360776486098 0.00831937891729762
3.6899999999999653 -0.1627227163963805 0.009856181976320759
3.699999999999965 -0.1626165383662423 0.011376712891092922
3.709999999999965 -0.1624952363440737 0.012880982278061514
3.7199999999999647 -0.1623589728857621 0.014369002266074085
3.7299999999999645 -0.1622079104184121 0.015840786480122875
3.7399999999999642 -0.16204221122546536 0.017296350025102228
3.749999999999964 -0.1618620374319827 0.018735709469580364
3.759999999999964 -0.16166755099008848 0.020158882829587003
3.7699999999999636 -0.16145891366457688 0.02156588955241826
3.7799999999999634 -0.16123628701868023 0.022956750500460303
3.789999999999963 -0.1609998323999989 0.024331487935033126
3.799999999999963 -0.1607497109265926 0.025690125500255918
3.8099999999999627 -0.16048608347323298 0.027032688206935364
3.8199999999999625 -0.16020911065781726 0.028359202416478293
3.8299999999999623 -0.15991895282794252 0.02966969582482999
3.839999999999962 -0.1596157700476405 0.030964197446439544
3.849999999999962 -0.15929972208427262 0.032242737598253565
3.8599999999999617 -0.158970968395585 0.03350534788373955
3.8699999999999615 -0.15862966811692286 0.03475206117694021
3.8799999999999613 -0.15827598004860446 0.03598291160656006
3.889999999999961 -0.1579100626434539 0.03719793454008545
3.899999999999961 -0.1575320739944925 0.03839716656793944
3.9099999999999606 -0.15714217182278864 0.03958064548767255
3.9199999999999604 -0.1567405134654652 0.04074841028819079
3.92999999999996 -0.15632725586386484 0.041900501134022015
3.93999999999996 -0.15590255555187224 0.04303695934962192
3.9499999999999598 -0.1554665686443931 0.04415782740372072
3.9599999999999596 -0.15501945082598953 0.04526314889371177
3.9699999999999593 -0.1545613573396713 0.04635296853008319
3.979999999999959 -0.1540924429758425 0.047427332120893666
3.989999999999959 -0.15361286206140323 0.048486286556293515
3.9999999999999587 -0.1531227684490061 0.04952987979309204
4.009999999999959 -0.15262231550646635 0.0505581608393724
4.019999999999959 -0.15211165610632596 0.05157117973915489
4.0299999999999585 -0.15159094261557074 0.05256898755710977
4.039999999999958 -0.15106032688550008 0.05355163636332068
4.049999999999958 -0.15051996024174874 0.054519179218099546
4.059999999999958 -0.14996999347446027 0.05547167015685415
4.069999999999958 -0.14941057682861156 0.05640916417500915
4.079999999999957 -0.14884185999448776 0.05733171721298169
4.089999999999957 -0.14826399209830732 0.058239386141212456
4.099999999999957 -0.14767712169299627 0.0591322287452531
4.109999999999957 -0.14708139674911153 0.06001030371091104
4.119999999999957 -0.14647696464591234 0.06087367060945249
4.129999999999956 -0.1458639721625794 0.0617223898828646
4.139999999999956 -0.14524256546958114 0.06255652282917759
4.149999999999956 -0.14461289012018638 0.0633761315878478
4.159999999999956 -0.14397509104212292 0.06418127912520243
4.1699999999999555 -0.14332931252938136 0.0649720292199468
4.179999999999955 -0.14267569823416348 0.06574844644873508
4.189999999999955 -0.1420143911589747 0.06651059617180509
4.199999999999955 -0.14134553364885974 0.06725854451867812
4.209999999999955 -0.140669267383781 0.06799235837392449
4.2199999999999545 -0.139985733371139 0.06871210536299564
4.229999999999954 -0.13929507193843416 0.06941785383812342
4.239999999999954 -0.13859742272606912 0.07010967286428742
4.249999999999954 -0.13789292468029124 0.07078763220525097
4.259999999999954 -0.13718171604627424 0.0714518023096666
4.269999999999953 -0.1364639343613385 0.07210225429725155
4.279999999999953 -0.13573971644830923 0.0727390599450341
4.289999999999953 -0.13500919840901185 0.07336229167367136
4.299999999999953 -0.13427251561790382 0.07397202253383914
4.3099999999999525 -0.13352980271584217 0.07456832619269452
4.319999999999952 -0.13278119360398605 0.07515127692041185
4.329999999999952 -0.13202682143783365 0.07572094957679268
4.339999999999952 -0.1312668186213925 0.07627741959795024
4.349999999999952 -0.13050131680148266 0.07682076298306911
4.3599999999999515 -0.12973044686217186 0.07735105628124057
4.369999999999951 -0.12895433891934194 0.07786837657837424
4.379999999999951 -0.1281731223153858 0.07837280148418653
4.389999999999951 -0.12738692561403409 0.07886440911926647
4.399999999999951 -0.12659587659531077 0.07934327810221935
4.40999999999995 -0.125800102250617 0.07980948753688877
4.41999999999995 -0.12499972877794217 0.08026311699965753
4.42999999999995 -0.12419488157720185 0.08070424652682791
4.43999999999995 -0.1233856852457012 0.08113295660208164
4.4499999999999496 -0.12257226357372368 0.08154932814402029
4.459999999999949 -0.1217547395402437 0.08195344249378621
4.469999999999949 -0.12093323530876283 0.08234538140276472
4.479999999999949 -0.12010787222326853 0.08272522702036778
4.489999999999949 -0.11927877080431457 0.08309306188189956
4.4999999999999485 -0.11844605074522248 0.08344896889650452
4.509999999999948 -0.11760983090840305 0.08379303133519804
4.519999999999948 -0.11677022932179712 0.08412533281898023
4.529999999999948 -0.11592736317543484 0.08444595730703315
4.539999999999948 -0.11508134881811247 0.08475498908500187
4.549999999999947 -0.11423230175418601 0.08505251275335957
4.559999999999947 -0.11338033664048079 0.08533861321585716
4.569999999999947 -0.112525567283316 0.08561337566805763
4.579999999999947 -0.11166810663564364 0.08587688558595541
4.589999999999947 -0.11080806679430066 0.08612922871468112
4.599999999999946 -0.10994555899737382 0.0863704910572919
4.609999999999946 -0.10908069362167602 0.08660075886364764
4.619999999999946 -0.1082135801803336 0.08682011861937329
4.629999999999946 -0.10734432732048346 0.08702865703490759
4.6399999999999455 -0.10647304282107939 0.08722646103463835
4.649999999999945 -0.10559983359080646 0.08741361774612462
4.659999999999945 -0.10472480566610291 0.08759021448940578
4.669999999999945 -0.10384806420928838 0.08775633876639793
4.679999999999945 -0.10296971350679782 0.08791207825037772
4.689999999999944 -0.1020898569675201 0.08805752077555364
4.699999999999944 -0.10120859712124049 0.08819275432672519
4.709999999999944 -0.10032603561718605 0.08831786702902994
4.719999999999944 -0.09944227322267317 0.08843294713777855
4.729999999999944 -0.09855740982185628 0.08853808302837811
4.739999999999943 -0.09767154441457693 0.08863336318634368
4.749999999999943 -0.09678477511531225 0.08871887619739839
4.759999999999943 -0.09589719915222203 0.08879471073766192
4.769999999999943 -0.09500891286629341 0.08886095556392773
4.7799999999999425 -0.09412001171058243 0.08891769950402897
4.789999999999942 -0.0932305902495514 0.08896503144729319
4.799999999999942 -0.0923407421585013 0.08900304033508585
4.809999999999942 -0.09145056022309836 0.08903181515144284
4.819999999999942 -0.09056013633899379 0.08905144491379191
4.8299999999999415 -0.0896695615115359 0.08906201866376309
4.839999999999941 -0.08877892585557363 0.08906362545808816
4.849999999999941 -0.08788831859535068 0.08905635435958918
4.859999999999941 -0.08699782806448929 0.08904029442825608
4.869999999999941 -0.0861075417060628 0.08901553471241323
4.87999999999994 -0.08521754607275613 0.08898216423997521
4.88999999999994 -0.08432792682711318 0.0889402720097915
4.89999999999994 -0.08343876874187042 0.08888994698308023
4.90999999999994 -0.08255015570037566 0.08883127807495088
4.9199999999999395 -0.08166217069709113 0.08876435414601598
4.929999999999939 -0.08077489583818005 0.08868926399409166
4.939999999999939 -0.07988841234217571 0.08860609634598698
4.949999999999939 -0.07900280054073222 0.08851493984938212
4.959999999999939 -0.07811813987945602 0.08841588306479517
4.9699999999999385 -0.07723450891881736 0.08830901445763759
4.979999999999938 -0.07635198533514066 0.08819442239035814
4.989999999999938 -0.07547064592167306 0.08807219511467526
4.999999999999938 -0.07459056658973019 0.0879424207638977
5.009999999999938 -0.07371182236991834 0.0878051873453334
5.019999999999937 -0.07283448741343201 0.0876605827327864
5.029999999999937 -0.07195863499342611 0.08750869465914177
5.039999999999937 -0.07108433750646186 0.0873496107090382
5.049999999999937 -0.07021166647402552 0.08718341831162836
5.0599999999999365 -0.0693406925441191 0.08701020473342679
5.069999999999936 -0.06847148549292215 0.086830057071245
5.079999999999936 -0.06760411422652367 0.0866430622452139
5.089999999999936 -0.06673864678272357 0.08644930699189315
5.099999999999936 -0.06587515033290234 0.08624887785746738
5.1099999999999355 -0.06501369118395858 0.08604186119102901
5.119999999999935 -0.06415433478031307 0.08582834313794757
5.129999999999935 -0.0632971457059788 0.08560840963332524
5.139999999999935 -0.06244218768669603 0.08538214639553839
5.149999999999935 -0.061589523592131476 0.08514963891986504
5.159999999999934 -0.060739215438140794 0.08491097247219788
5.169999999999934 -0.05989132438909352 0.08466623208284259
5.179999999999934 -0.05904591076025958 0.08441550254040145
5.189999999999934 -0.05820303402025657 0.08415886838574178
5.199999999999934 -0.0573627527935569 0.08389641390604906
5.209999999999933 -0.05652512486305399 0.08362822312896442
5.219999999999933 -0.0556902071726867 0.08335437981680639
5.229999999999933 -0.054858055830121044 0.08307496746087646
5.239999999999933 -0.05402872610948855 0.08279006927584827
5.2499999999999325 -0.05320227245418021 0.08249976819424018
5.259999999999932 -0.052378748479695314 0.08220414686097095
5.269999999999932 -0.051558206976544355 0.0819032876279981
5.279999999999932 -0.050740699913205074 0.0815972725490389
5.289999999999932 -0.04992627843913093 0.08128618337437342
5.299999999999931 -0.04911499288781112 0.08097010154572964
5.309999999999931 -0.04830689277988132 0.08064910819125003
5.319999999999931 -0.04750202682628439 0.08032328412053945
5.329999999999931 -0.046700442931480145 0.07999270981979408
5.339999999999931 -0.045902188196703476 0.07965746544701088
5.34999999999993 -0.04510730892326997 0.07931763082727751
5.35999999999993 -0.04431585061592821 0.07897328544814211
5.36999999999993 -0.04352785798625797 0.07862450845506282
5.37999999999993 -0.042743374956113564 0.07827137864693659
5.3899999999999295 -0.04196244466111149 0.07791397447170699
5.399999999999929 -0.041185109454161574 0.07755237402205059
5.409999999999929 -0.04041141090904088 0.07718665503114164
5.419999999999929 -0.03964138982400961 0.07681689486849466
5.429999999999929 -0.038875086225468154 0.07644317053588463
5.4399999999999284 -0.03811253937165455 0.07606555866334425
5.449999999999928 -0.0373537877563816 0.07568413550523811
5.459999999999928 -0.036598869112812904 0.07529897693641334
5.469999999999928 -0.035847820417276896 0.07491015844842613
5.479999999999928 -0.03510067789311836 0.07451775514584422
5.489999999999927 -0.034357477014586475 0.07412184174262437
5.499999999999927 -0.0336182525107587 0.07372249255856507
5.509999999999927 -0.03288303836949982 0.07331978151583346
5.519999999999927 -0.03215186784145529 0.0729137821355666
5.5299999999999265 -0.03142477344407823 0.0725045675345463
5.539999999999926 -0.030701786965689294 0.07209221042194743
5.549999999999926 -0.029982939469568707 0.07167678309615895
5.559999999999926 -0.0292682612980797 0.07125835744167765
5.569999999999926 -0.02855778207682267 0.0708370049260738
5.5799999999999255 -0.027851530718819323 0.07041279659702859
5.589999999999925 -0.027149535428726067 0.0699858030794428
5.599999999999925 -0.026451823707075994 0.06955609457261626
5.609999999999925 -0.02575842235454869 0.06912374084749782
5.619999999999925 -0.025069357476267193 0.0686888112440052
5.629999999999924 -0.024384654486121437 0.06825137466841444
5.639999999999924 -0.023704338111117416 0.06781149959081852
5.649999999999924 -0.023028432395751443 0.06736925404265456
5.659999999999924 -0.022356960706408788 0.0669247056142994
5.6699999999999235 -0.02168994573578601 0.06647792145273289
5.679999999999923 -0.02102740950733635 0.06602896825926854
5.689999999999923 -0.020369373379737443 0.06557791228735126
5.699999999999923 -0.019715858051380743 0.06512481934042129
5.709999999999923 -0.01906688356488198 0.06466975476984448
5.7199999999999225 -0.01842246931161198 0.06421278347290788
5.729999999999922 -0.01778263403624719 0.06375396989088061
5.739999999999922 -0.017147395841339303 0.0632933780071394
5.749999999999922 -0.016516772191903267 0.06283107134535817
5.759999999999922 -0.01589077992002311 0.06236711296776163
5.769999999999921 -0.015269435229474904 0.06190156547344193
5.779999999999921 -0.014652753700366235 0.06143449099673831
5.789999999999921 -0.014040750293791582 0.06096595120567901
5.799999999999921 -0.013433439356502956 0.06049600730048515
5.809999999999921 -0.012830834625595193 0.06002472001213598
5.81999999999992 -0.012232949233205299 0.059552149600995176
5.82999999999992 -0.011639795711225214 0.05907835585549755
5.83999999999992 -0.011051385996027422 0.05860339809089584
5.84999999999992 -0.01046773143320279 0.05812733514806703
5.8599999999999195 -0.009888842782310047 0.057650225392377755
5.869999999999919 -0.009314730221636308 0.05717212671260828
5.879999999999919 -0.008745403352968091 0.056693096519934684
5.889999999999919 -0.008180871206372195 0.05621319174696859
5.899999999999919 -0.00762114224498591 0.05573246884685413
5.909999999999918 -0.007066224369815974 0.05525098379242162
5.919999999999918 -0.006516124924545706 0.054768792075397386
5.929999999999918 -0.005970850700349766 0.05428594870566938
5.939999999999918 -0.005430407940715976 0.05380250821060799
5.949999999999918 -0.00489480234627367 0.05331852463444169
5.959999999999917 -0.0043640390796280005 0.05283405153768692
5.969999999999917 -0.0038381227701996925 0.05234914199663177
5.979999999999917 -0.003317057519069682 0.05186384860287301
5.989999999999917 -0.0028008469038281253 0.051378223462905964
5.9999999999999165 -0.002289493983427244 0.05089231819776666
6.009999999999916 -0.001783001303037492 0.05040618394272595
6.019999999999916 -0.0012813708989065239 0.04991987134703491
6.029999999999916 -0.0007846043032204513 0.049433430573721196
6.039999999999916 -0.00029270254896688545 0.04894691129943578
6.0499999999999154 0.0001943338252007371 0.0484603627143496
6.059999999999915 0.0006765047700980442 0.04797383352209968
6.069999999999915 0.0011538107211443234 0.047487371939784154
6.079999999999915 0.0016262525934973104 0.04700102569800576
6.089999999999915 0.0020938317771886524 0.046514842040963324
6.099999999999914 0.002556550132260525 0.046028867726590726
6.109999999999914 0.0030144099839038733 0.045543149026742856
6.119999999999914 0.0034674141175987457 0.04505773172742811
6.129999999999914 0.003915565774257183 0.044572661129086866
6.1399999999999135 0.004358868645369122 0.044087982046915566
6.149999999999913 0.004797326868151763 0.04360373881123581
6.159999999999913 0.005230945020702854 0.043119975267908034
6.169999999999913 0.005659728117158331 0.042636734778789286
6.179999999999913 0.006083681602854752 0.042154060222234606
6.1899999999999125 0.0065028113494969685 0.0416719939936415
6.199999999999912 0.006917123650331449 0.041190578006037086
6.209999999999912 0.007326625215325684 0.04070985369070738
6.219999999999912 0.007731323166354098 0.04022986199786823
6.229999999999912 0.008131225032390874 0.0397506433973775
6.239999999999911 0.0085263387447101 0.039272237879487894
6.249999999999911 0.00891667263209366 0.038794684955640056
6.259999999999911 0.00930223541604723 0.03831802365929542
6.269999999999911 0.00968303620602483 0.03784229254680829
6.2799999999999105 0.01005908449466226 0.0373675296983368
6.28999999999991 0.010430390153019865 0.03689377271879207
6.29999999999991 0.010796963425834959 0.03642105873882532
6.30999999999991 0.011158814926784324 0.03594942441585229
6.31999999999991 0.01151595563375713 0.03547890593511457
6.3299999999999095 0.011868396884138648 0.03500953901077734
6.339999999999909 0.01221615037010513 0.03454135888706308
6.349999999999909 0.012559228133930197 0.03407440033942075
6.359999999999909 0.012897642563303092 0.033608697675729986
6.369999999999909 0.013231406386659159 0.03314428473753979
6.379999999999908 0.013560532668522864 0.03268119490134139
6.389999999999908 0.013885034804863727 0.0322194610798746
6.399999999999908 0.014204926518465479 0.03175911572346743
6.409999999999908 0.014520221854308775 0.031300190821408294
6.419999999999908 0.014830935174967794 0.03084271790335047
6.429999999999907 0.015137081156021043 0.03038672804074833
6.439999999999907 0.015438674781476685 0.02993225184832486
6.449999999999907 0.015735731339212678 0.029479319485570005
6.459999999999907 0.01602826641643208 0.029027960658269448
6.4699999999999065 0.016316295895133757 0.028578204620063268
6.479999999999906 0.016599835947598864 0.028130080174034115
6.489999999999906 0.016878903031893315 0.027683615674324397
6.499999999999906 0.017153513887386593 0.027238839027782045
6.509999999999906 0.017423685530287152 0.026795777695634418
6.519999999999905 0.017689435249194696 0.02635445869518989
6.529999999999905 0.017950780600669607 0.02591490860156666
6.539999999999905 0.018207739404819807 0.025477153549448395
6.549999999999905 0.018460329740905293 0.025041219234866175
6.559999999999905 0.01870856994296063 0.0246071309170064
6.569999999999904 0.018952478595435657 0.024174913420044155
6.579999999999904 0.019192074528854637 0.02374459113500162
6.589999999999904 0.019427376815494127 0.023316188021631077
6.599999999999904 0.019658404765079796 0.022889727610322118
6.6099999999999035 0.019885177920502428 0.022465233004032567
6.619999999999903 0.02010771605355336 0.02204272688024274
6.629999999999903 0.020326039160679578 0.021622231492932582
6.639999999999903 0.02054016745875868 0.0212037686745813
6.649999999999903 0.020750121380893972 0.020787359838188975
6.659999999999902 0.02095592157222987 0.020373025979319878
6.669999999999902 0.021157588885787847 0.019960787678166926
6.679999999999902 0.02135514437832313 0.019550665101636958
6.689999999999902 0.02154860930620234 0.019142678005456368
6.699999999999902 0.021738005121302324 0.018736845736296723
6.709999999999901 0.021923353466930282 0.018333187233919898
6.719999999999901 0.022104676173765513 0.01793172103334239
6.729999999999901 0.022281995255822827 0.01753246526701834
6.739999999999901 0.022455332906437937 0.017135437667040905
6.7499999999999005 0.022624711494274922 0.01674065556736156
6.7599999999999 0.02279015355935598 0.016348135906026934
6.7699999999999 0.02295168180911363 0.01595789522743277
6.7799999999999 0.023109319114465555 0.015569949684594643
6.7899999999999 0.023263088505912213 0.015184315041435015
6.7999999999998995 0.02341301316965741 0.014801006675086261
6.809999999999899 0.02355911644375198 0.014420039578209245
6.819999999999899 0.023701421814260732 0.014041428361327102
6.829999999999899 0.02383995291145279 0.01366518725517381
6.839999999999899 0.02397473350601551 0.013291330113057184
6.849999999999898 0.0241057875052921 0.012919870413235916
6.859999999999898 0.024233138949543064 0.01255082126131028
6.869999999999898 0.024356812008231626 0.012184195392626116
6.879999999999898 0.02447683097633326 0.011820005174691763
6.8899999999998975 0.024593220270669458 0.011458262609607509
6.899999999999897 0.02470600442626584 0.011098979336507256
6.909999999999897 0.024815208092734752 0.010742166634011984
6.919999999999897 0.02492085603068245 0.010387835422694686
6.929999999999897 0.025022973108141 0.010035996267556397
6.9399999999998965 0.025121584297024963 0.00968665938051297
6.949999999999896 0.02521671466961304 0.009339834622892238
6.959999999999896 0.025308389395054712 0.008995531507941208
6.969999999999896 0.02539663373590201 0.008653759203342952
6.979999999999896 0.0254814730446665 0.008314526533742834
6.989999999999895 0.025562932760401568 0.00797784198328373
6.999999999999895 0.025641038405310117 0.007643713698149905
7.009999999999895 0.025715815581377723 0.0073121494891192065
7.019999999999895 0.025787289967031383 0.006983156834123236
7.0299999999998946 0.02585548731382387 0.006656742880815161
7.039999999999894 0.025920433443143816 0.006332914449144846
7.049999999999894 0.025982154242951604 0.006011678033940963
7.059999999999894 0.026040675664541074 0.005693039807499761
7.069999999999894 0.02609602371932718 0.005377005622180167
7.0799999999998935 0.026148224475659614 0.005063581013004901
7.089999999999893 0.02619730405566247 0.004752771200267289
7.099999999999893 0.026243288632100008 0.0044445810921434434
7.109999999999893 0.026286204425268578 0.004139015287309517
7.119999999999893 0.026326077699914706 0.0038360780775637056
7.129999999999892 0.026362934762179453 0.0035357734504526984
7.139999999999892 0.026396801956569047 0.003238105091902266
7.149999999999892 0.02642770566295185 0.0029430763888516854
7.159999999999892 0.02645567229358167 0.002650690431891703
7.169999999999892 0.02648072829014748 0.002360950017905736
7.179999999999891 0.02650290012084958 0.002073857652714015
7.189999999999891 0.02652221427750217 0.001789415553720381
7.199999999999891 0.026538697272662448 0.001507625652561444
7.209999999999891 0.02655237563678619 0.0012284895977578124
7.2199999999998905 0.02656327591540985 0.0009520087573671174
7.22999999999989 0.026571424666359204 0.0006781842216385426
7.23999999999989 0.026576848456984544 0.00040701680566858296
7.24999999999989 0.026579573861422432 0.00013850705205775801
7.25999999999989 0.026579627457884024 -0.00012734476643199778
7.269999999999889 0.026577035825969982 -0.000390538644219536
7.279999999999889 0.026571825544011947 -0.0006510748402465565
7.289999999999889 0.0265640231864406 -0.000908953875319796
7.299999999999889 0.026553655321180314 -0.0011641765294536069
7.309999999999889 0.026540748507070337 -0.001416743839213186
7.319999999999888 0.026525329291312585 -0.0016666570950587124
7.329999999999888 0.026507424206945962 -0.0019139178386906482
7.339999999999888 0.02648705977034721 -0.002158527860396455
7.349999999999888 0.026464262478758323 -0.002400489196398977
7.3599999999998875 0.026439058807840424 -0.0026398041262067373
7.369999999999887 0.02641147520925416 -0.0028764751699663924
7.379999999999887 0.026381538108266534 -0.0031105050858175856
7.389999999999887 0.02634927390138421 -0.00334189686725044
7.399999999999887 0.02631470895401319 -0.003570653740465927
7.4099999999998865 0.026277869598144907 -0.003796779161739345
7.419999999999886 0.026238782130068635 -0.004020276814787141
7.429999999999886 0.026197472808110238 -0.004241150608137299
7.439999999999886 0.026153967850397187 -0.004459404672503525
7.449999999999886 0.026108293432649813 -0.004675043358163456
7.459999999999885 0.026060475685998757 -0.0048880712323411
7.469999999999885 0.026010540694828582 -0.005098493076593751
7.479999999999885 0.025958514494647478 -0.005306313884203558
7.489999999999885 0.02590442306998304 -0.005511538857573995
7.4999999999998845 0.02584829235230405 -0.005714173405631431
7.509999999999884 0.025790148217968222 -0.005914223141231992
7.519999999999884 0.025730016486195842 -0.0061116938785739485
7.529999999999884 0.025667922917069264 -0.0063065916306158055
7.539999999999884 0.02560389320955819 -0.006498922606500313
7.5499999999998835 0.025537952999570682 -0.0066886932089845865
7.559999999999883 0.02547012785802985 -0.006875910031876529
7.569999999999883 0.025400443288976126 -0.007060579857477757
7.579999999999883 0.02532892472769508 -0.007242709654033211
7.589999999999883 0.025255597538870724 -0.007422306573187644
7.599999999999882 0.02518048701476419 -0.007599377947449165
7.609999999999882 0.025103618373417763 -0.007773931287660031
7.619999999999882 0.025025016756884132 -0.007945974280474855
7.629999999999882 0.02494470722948087 -0.008115514785846418
7.6399999999998816 0.024862714776069963 -0.00828256083451925
7.649999999999881 0.024779064300362422 -0.008447120625531157
7.659999999999881 0.024693780623247785 -0.008609202523722865
7.669999999999881 0.024606888481148517 -0.008768815057255947
7.679999999999881 0.02451841252439917 -0.008925966915139189
7.6899999999998805 0.02442837731565025 -0.009080666944763574
7.69999999999988 0.024336807328296677 -0.009232924149446028
7.70999999999988 0.024243726944930776 -0.009382747685982096
7.71999999999988 0.024149160455819687 -0.009530146862207692
7.72999999999988 0.02405313205740711 -0.009675131134570088
7.739999999999879 0.023955665850839306 -0.009817710105708278
7.749999999999879 0.02385678584051523 -0.009957893522042878
7.759999999999879 0.02375651593266073 -0.010095691271375702
7.769999999999879 0.023654879933926693 -0.010231113380499141
7.779999999999879 0.023551901550011054 -0.01036417001281552
7.789999999999878 0.02344760438430456 -0.010494871465966532
7.799999999999878 0.02334201193656018 -0.010623228169472913
7.809999999999878 0.023235147601586074 -0.010749250682384479
7.819999999999878 0.023127034667962013 -0.010872949690940653
7.8299999999998775 0.02301769631677914 -0.010994336006241619
7.839999999999877 0.022907155620402943 -0.011113420561930223
7.849999999999877 0.022795435541259394 -0.011230214411884747
7.859999999999877 0.022682558930644078 -0.011344728727922675
7.869999999999877 0.022568548527554234 -0.011456974797515574
7.879999999999876 0.02245342695754359 -0.011566964021515205
7.889999999999876 0.022337216731599895 -0.011674707911890975
7.899999999999876 0.022219940245044995 -0.011780218089478848
7.909999999999876 0.022101619776457377 -0.011883506281741823
7.919999999999876 0.021982277486617057 -0.011984584320542084
7.929999999999875 0.02186193541747267 -0.012083464139924928
7.939999999999875 0.02174061549113067 -0.012180157773914584
7.949999999999875 0.02161833950886651 -0.012274677354322009
7.959999999999875 0.0214951291501577 -0.012367035108564762
7.9699999999998745 0.021371005971738567 -0.012457243357499074
7.979999999999874 0.021245991406676674 -0.012545314513264176
7.989999999999874 0.021120106763470713 -0.012631261077139001
7.999999999999874 0.020993373225169774 -0.012715095637411343
8.009999999999874 0.020865811848513854 -0.012796830867259558
8.019999999999873 0.02073744356309549 -0.012876479522646896
8.029999999999873 0.020608289170542395 -0.01295405444022855
8.039999999999873 0.020478369343720933 -0.013029568535271499
8.049999999999873 0.020347704625960368 -0.013103034799587231
8.059999999999873 0.020216315430297685 -0.013174466299477411
8.069999999999872 0.020084222038742914 -0.013243876173692586
8.079999999999872 0.019951444601564793 -0.013311277631403991
8.089999999999872 0.019818003136596648 -0.013376683950188529
8.099999999999872 0.019683917528562345 -0.013440108474026989
8.109999999999872 0.019549207528422225 -0.01350156461131558
8.119999999999871 0.019413892752738818 -0.013561065832890845
8.129999999999871 0.019277992683062264 -0.013618625670068005
8.139999999999871 0.019141526665335286 -0.01367425771269281
8.14999999999987 0.019004513909317563 -0.013727975607206948
8.15999999999987 0.018866973488029383 -0.01377979305472708
8.16999999999987 0.01872892433721445 -0.013829723809137537
8.17999999999987 0.018590385254821675 -0.013877781675196746
8.18999999999987 0.01845137490050586 -0.013923980506657451
8.19999999999987 0.018311911795147084 -0.013968334204400742
8.20999999999987 0.0181720143203887 -0.014010856714583972
8.21999999999987 0.018031700718193766 -0.014051562026802602
8.229999999999869 0.017890989090419807 -0.014090464172265999
8.239999999999869 0.017749897398411728 -0.014127577221987264
8.249999999999869 0.017608443462612776 -0.014162915284987091
8.259999999999868 0.017466644962193387 -0.014196492506511735
8.269999999999868 0.017324519434697774 -0.01422832306626509
8.279999999999868 0.01718208427570814 -0.014258421176654941
8.289999999999868 0.017039356738526343 -0.01428680108105341
8.299999999999867 0.01689635393387289 -0.014313477052071625
8.309999999999867 0.016753092829603126 -0.01433846338984865
8.319999999999867 0.01660959025044043 -0.01436177442035471
8.329999999999867 0.016465862877726348 -0.014383424493708705
8.339999999999867 0.016321927249187445 -0.014403427982510092
8.349999999999866 0.01617779975871879 -0.014421799280185112
8.359999999999866 0.016033496656183886 -0.014438552799347392
8.369999999999866 0.015889034047230948 -0.014453702970172976
8.379999999999866 0.01574442789312533 -0.014467264238789744
8.389999999999866 0.015599694010598004 -0.014479251065681301
8.399999999999865 0.015454848071709926 -0.0144896779241053
8.409999999999865 0.01530990560373214 -0.014498559298526236
8.419999999999865 0.015164881989041484 -0.01450590968306272
8.429999999999865 0.01501979246503176 -0.014511743579949242
8.439999999999864 0.014874652124040199 -0.014516075498012433
8.449999999999864 0.014729475913289096 -0.014518919951161832
8.459999999999864 0.014584278634842473 -0.014520291456895163
8.469999999999864 0.014439074945577609 -0.014520204534818133
8.479999999999864 0.014293879357171295 -0.014518673705178734
8.489999999999863 0.014148706236100686 -0.014515713487416088
8.499999999999863 0.014003569803658583 -0.01451133839872379
8.509999999999863 0.013858484135983009 -0.014505562952627785
8.519999999999863 0.013713463164100935 -0.014498401657578748
8.529999999999863 0.013568520673986015 -0.014489869015558984
8.539999999999862 0.013423670306630171 -0.01447997952070383
8.549999999999862 0.013278925558128896 -0.014468747657937552
8.559999999999862 0.013134299779780126 -0.014456187901623743
8.569999999999862 0.012989806178196533 -0.014442314714230181
8.579999999999862 0.012845457815431099 -0.014427142545008176
8.589999999999861 0.012701267609115822 -0.014410685828686357
8.599999999999861 0.01255724833261342 -0.01439295898417891
8.60999999999986 0.012413412615181864 -0.014373976413308242
8.61999999999986 0.012269772942151634 -0.014353752499542053
8.62999999999986 0.012126341655115511 -0.014332301606744799
8.63999999999986 0.011983130952130794 -0.014309638077943535
8.64999999999986 0.011840152887933792 -0.014285776234108103
8.65999999999986 0.011697419374166428 -0.01426073037294566
8.66999999999986 0.011554942179614835 -0.014234514767709509
8.67999999999986 0.011412732930459794 -0.01420714366602222
8.68999999999986 0.011270803110538862 -0.014178631288713012
8.699999999999859 0.011129164061620064 -0.014148991828669364
8.709999999999859 0.010987826983686987 -0.014118239449702833
8.719999999999859 0.010846802935235158 -0.01408638828542906
8.729999999999858 0.010706102833579537 -0.014053452438161914
8.739999999999858 0.010565737455173014 -0.014019445977821756
8.749999999999858 0.010425717435935736 -0.013984382940857795
8.759999999999858 0.01028605327159515 -0.01394827732918449
8.769999999999857 0.010146755318036615 -0.013911143109131979
8.779999999999857 0.010007833791664426 -0.01387299421041048
8.789999999999857 0.009869298769773143 -0.013833844525088655
8.799999999999857 0.00973116019092905 -0.013793707906585871
8.809999999999857 0.009593427855361627 -0.013752598168678347
8.819999999999856 0.009456111425364903 -0.013710529084519118
8.829999999999856 0.00931922042570852 -0.013667514385671814
8.839999999999856 0.009182764244058407 -0.01362356776115817
8.849999999999856 0.009046752131406901 -0.013578702856519262
8.859999999999856 0.008911193202512192 -0.013532933272890398
8.869999999999855 0.008776096436346952 -0.013486272566089644
8.879999999999855 0.008641470676556002 -0.013438734245719921
8.889999999999855 0.008507324631922901 -0.013390331774284635
8.899999999999855 0.008373666876845307 -0.013341078566316797
8.909999999999854 0.008240505851818975 -0.013290987987521579
8.919999999999854 0.008107849863930275 -0.013240073353932258
8.929999999999854 0.007975707087357066 -0.013188347931079508
8.939999999999854 0.007844085563877827 -0.013135824933173971
8.949999999999854 0.007712993203388886 -0.01308251752230208
8.959999999999853 0.007582437784429629 -0.013028438807635065
8.969999999999853 0.007452426954715553 -0.01297360184465109
8.979999999999853 0.00732296823167903 -0.012918019634370483
8.989999999999853 0.007194069003017657 -0.012861705122603985
8.999999999999853 0.007065736527250053 -0.012804671199213977
9.009999999999852 0.006937977934278986 -0.01274693069738862
9.019999999999852 0.00681080022596169 -0.012688496392928862
9.029999999999852 0.006684210276687247 -0.01262938100354825
9.039999999999852 0.006558214833960912 -0.012569597188185486
9.049999999999851 0.006432820518995242 -0.012509157546329665
9.059999999999851 0.006308033827307917 -0.012448074617358156
9.069999999999851 0.006183861129326111 -0.01238636087988704
9.07999999999985 0.006060308670997307 -0.01232402875113407
9.08999999999985 0.005937382574406406 -0.012261090586294062
9.09999999999985 0.005815088838399035 -0.012197558677926684
9.10999999999985 0.005693433339210901 -0.012133445255356572
9.11999999999985 0.005572421831103097 -0.012068762484085692
9.12999999999985 0.00545205994700321 -0.012003522465217915
9.13999999999985 0.005332353199152131 -0.01193773723489572
9.14999999999985 0.0052133069797564375 -0.011871418763748955
9.15999999999985 0.00509492656164622 -0.011804578956355623
9.169999999999849 0.004977217098938252 -0.011737229650714585
9.179999999999849 0.004860183627704366 -0.011669382617730144
9.189999999999849 0.004743831066644927 -0.011601049560708437
9.199999999999848 0.0046281642177672866 -0.011532242114865554
9.209999999999848 0.004513187767069088 -0.011462971846847336
9.219999999999848 0.004398906285226326 -0.011393250254260764
9.229999999999848 0.00428532422828603 -0.01132308876521689
9.239999999999847 0.0041724459383634584 -0.011252498737885227
9.249999999999847 0.004060275644343698 -0.011181491460059525
9.259999999999847 0.003948817462587541 -0.011110078148734886
9.269999999999847 0.0038380753976415436 -0.011038269949696117
9.279999999999847 0.003728053342952139 -0.010966077937117267
9.289999999999846 0.0036187550815836994 -0.010893513113172281
9.299999999999846 0.0035101842869404393 -0.010820586407656686
9.309999999999846 0.003402344523492045 -0.010747308677620243
9.319999999999846 0.0032952392475029246 -0.010673690707010498
9.329999999999846 0.003188871807764965 -0.010599743206327145
9.339999999999845 0.0030832454463336966 -0.01052547681228714
9.349999999999845 0.0029783632992677485 -0.010450902087500494
9.359999999999845 0.002874228397371496 -0.010376029520156661
9.369999999999845 0.0027708436669407893 -0.010300869523721444
9.379999999999844 0.0026682119305116627 -0.010225432436644366
9.389999999999844 0.0025663359076119174 -0.010149728522076412
9.399999999999844 0.0024652182155154743 -0.01007376796759806
9.409999999999844 0.0023648613699993972 -0.009997560884957558
9.419999999999844 0.002265267786103481 -0.009921117309819332
9.429999999999843 0.0021664397788923057 -0.009844447201522482
9.439999999999843 0.0020683795642196558 -0.009767560442849266
9.449999999999843 0.001971089259495205 -0.009690466839803506
9.459999999999843 0.0018745708844533674 -0.009613176121398849
9.469999999999843 0.001778826361924217 -0.009535697939456772
9.479999999999842 0.0016838575186063787 -0.00945804186841431
9.489999999999842 0.001589666085841795 -0.009380217405141368
9.499999999999842 0.0014962537003922701 -0.009302233968767585
9.509999999999842 0.0014036219052176988 -0.009224100900518648
9.519999999999841 0.0013117721502558862 -0.009145827463561995
9.529999999999841 0.0012207057932038618 -0.009067422842861808
9.539999999999841 0.0011304241003005993 -0.008988896145043244
9.54999999999984 0.0010409282471110473 -0.008910256398265797
9.55999999999984 0.0009522193193113814 -0.008831512552105741
9.56999999999984 0.0008642983134753867 -0.008752673477447551
9.57999999999984 0.0007771661378618814 -0.008673747966384246
9.58999999999984 0.000690823613203093 -0.008594744732126548
9.59999999999984 0.0006052714734938989 -0.008515672408920809
9.60999999999984 0.0005205103667818442 -0.008436539551975599
9.61999999999984 0.0004365408559578509 -0.008357354637396902
9.62999999999984 0.00035336341954753206 -0.008278126062131814
9.639999999999839 0.0002709784525030272 -0.008198862143920686
9.649999999999839 0.00018938626699527408 -0.008119571121257623
9.659999999999838 0.00010858709320663415 -0.00804026115335926
9.669999999999838 2.858108012378924e-5 -0.007960940320141734
9.679999999999838 -5.0631703669172325e-5 -0.007881616622205786
9.689999999999838 -0.00012905126919756065 -0.007802297980829887
9.699999999999838 -0.0002066777063028605 -0.00772299223797134
9.709999999999837 -0.000283511182849558 -0.007643707156275257
9.719999999999837 -0.0003595519439320961 -0.007564450419091337
9.729999999999837 -0.00043480031108203665 -0.007485229630498367
9.739999999999837 -0.0005092566814755055 -0.007406052315336377
9.749999999999837 -0.0005829215271409974 -0.0073269259192463385
9.759999999999836 -0.0006557953941676151 -0.0072478578087173725
9.769999999999836 -0.0007278789019138178 -0.007168855271141344
9.779999999999836 -0.0007991727422167518 -0.007089925514874794
9.789999999999836 -0.0008696776786022379 -0.007011075669308118
9.799999999999836 -0.0009393945454954849 -0.006932312784941909
9.809999999999835 -0.0010083242474326034 -0.0068536438334703955
9.819999999999835 -0.0010764677582729885 -0.00677507570787189
9.829999999999835 -0.0011438261204126414 -0.006696615222506163
9.839999999999835 -0.0012104004439985002 -0.006618269113218682
9.849999999999834 -0.0012761919061438456 -0.0065400440374516165
9.859999999999834 -0.0013412017501448514 -0.006461946574361544
9.869999999999834 -0.0014054312846983443 -0.006383983224943771
9.879999999999834 -0.0014688818831208404 -0.0063061604121632
9.889999999999834 -0.0015315549825689221 -0.00622848448109165
9.899999999999833 -0.0015934520832610213 -0.00615096169905157
9.909999999999833 -0.0016545747477006694 -0.006073598255766051
9.919999999999833 -0.0017149245999012804 -0.005996400263515072
9.929999999999833 -0.0017745033246125272 -0.005919373757297896
9.939999999999833 -0.0018333126665483705 -0.005842524695001533
9.949999999999832 -0.0018913544296168046 -0.005765858957575211
9.959999999999832 -0.0019486304761513766 -0.005689382349210759
9.969999999999832 -0.0020051427261445383 -0.005613100597528831
9.979999999999832 -0.0020608931564828894 -0.005537019353770903
9.989999999999831 -0.00211588380018437 -0.005461144192996951
9.999999999999831 -0.0021701167456374573 -0.005385480614288751
